$ANSIBLE_VAULT;1.1;AES256
30303437663436616239346631633631633531376264643033313538653937366566623435363166
6665626633363137323730313333313965653532373532630a333237346664376336353833333461
30396539333438373166343463653161363831663139613934303061633662353566383865623333
3039386534333336350a356438306636353366386336616661646461646538306333316330373035
36663431616263616536326661376331646566613432333831313866373661613433383635633465
34333764356561366530623463653936643332386137396262373966633363366639336466653065
39613436343238613035306565306565653661666465336361393937343734343266396339386661
65313637323665663531316162326463663034333732393331343562636339316263626334303835
34343032376362393135383163653738633232343237333237373933346134633332633839643136
63343762626165346265613062366663653465643261303463616263336465343631636361353138
65613062666430633734623434366234353833616332343265613264373433303536383336653364
30653532313431353364666137623562336336633161363630313138653530313762373532353839
31626439633037613062363736626635643838663034663761336430643565343137663438333232
64623235333439383466323232633437353661663137336133386333656161316663656234383165
31303164353632303464383862613538653365666233356336316637393061343662383566373135
65313538316137636166646534386136333263313266643361633466643736626339663132613563
66376335616531636338663738313936333239633231373133383662643931633339306533653032
36393166653833343735326536383337363437616562646666363163303632373263333266636334
35373662323462393239313138326432373963383762633832393833343263666531353261363765
65666638616563623335393131656231636137633366323936386365383038633165376330653035
64356433353337393464366236653031363834653834656536656561383933306364346236383261
37333062326462373538653331656136393839323133613833636566613636653064353063653238
39623331373437646234373532613636343436393664626263333730303463663233393732653536
63643838383631366436383038303430643364366165613637346433386361373964353562383837
3334
